KNN -1.318 -4.004 -1.758 5
KNN -1.307 -4.013 -1.760 5
KNN -1.295 -4.019 -1.761 5
KNN -1.280 -4.016 -1.758 5
KNN -1.269 -4.025 -1.760 5
KNN -1.259 -4.015 -1.754 5
KNN -1.250 -4.030 -1.759 5
KNN -1.235 -4.028 -1.757 5
KNN -1.224 -4.036 -1.758 5
KNN -1.212 -4.041 -1.759 5
KNN -1.198 -4.043 -1.758 5
KNN -1.185 -4.045 -1.758 5
KNN -1.177 -4.042 -1.755 5
KNN -1.167 -4.052 -1.758 5
KNN -1.154 -4.056 -1.758 5
KNN -1.141 -4.058 -1.758 5
KNN -1.127 -4.060 -1.757 5
KNN -1.115 -4.063 -1.757 5
KNN -1.103 -4.072 -1.759 5
KNN -1.100 -4.086 -1.765 5
KNN -1.084 -4.075 -1.758 5
KNN -1.072 -4.082 -1.760 5
KNN -1.058 -4.082 -1.758 5
KNN -1.045 -4.084 -1.758 5
KNN -1.034 -4.096 -1.762 5
KNN -1.021 -4.099 -1.762 5
KNN -1.014 -4.099 -1.761 5
KNN -1.002 -4.106 -1.762 5
KNN -0.987 -4.100 -1.758 5
KNN -0.976 -4.108 -1.761 5
KNN -0.962 -4.108 -1.759 5
KNN -0.951 -4.118 -1.762 5
KNN -0.939 -4.126 -1.765 5
KNN -0.934 -4.133 -1.767 5
KNN -0.916 -4.116 -1.758 5
KNN -0.905 -4.126 -1.762 5
KNN -0.892 -4.131 -1.762 5
KNN -0.879 -4.130 -1.761 5
KNN -0.866 -4.136 -1.762 5
KNN -0.853 -4.137 -1.762 5
KNN -0.846 -4.137 -1.761 5
KNN -0.835 -4.147 -1.764 5
KNN -0.821 -4.144 -1.762 5
KNN -0.809 -4.152 -1.764 5
KNN -0.795 -4.153 -1.763 5
KNN -0.783 -4.157 -1.764 5
KNN -0.768 -4.150 -1.760 5
KNN -0.763 -4.162 -1.765 5
KNN -0.748 -4.156 -1.761 5
KNN -0.736 -4.160 -1.762 5